2023-01-20 00:57:17.796183 
error Function 4274.709359263798
Parameters 
[[ 1.24445  0.97397 11.27314]
 [ 0.13596  4.74516 13.04317]
 [ 0.15072  4.81084 15.87249]
 [ 1.28622  3.60336 11.4708 ]
 [ 0.37879  3.22652 11.59014]] 
DFT reference energies 
[ 0.038  5.507 12.822  3.4   -0.961 -0.659 -0.258 -2.311 -3.36  -3.821
 -4.211 -3.161 -0.178] 
Force field energies 
[-3.04   5.153 12.889  2.22  -3.05  -2.023 -1.183 -0.984 -0.337 -1.834
 -1.857 -1.365 -1.206] 
RMSD of energies (less is better) 1.813349930009225